

	한메 타자교사

	보고서 작성일  100/09/08
	==============================================================
	    날짜     총타     음절     정타     시간     속도   정확도
	                                        (분)  (타/분)      (%)
	--------------------------------------------------------------
	100/09/08        7        0        0      0.0        0        0
	00/00/00        0        0        0      0.0        0        0
	00/00/00        0        0        0      0.0        0        0
	00/00/00        0        0        0      0.0        0        0
	00/00/00        0        0        0      0.0        0        0
	00/00/00        0        0        0      0.0        0        0
	00/00/00        0        0        0      0.0        0        0
	00/00/00        0        0        0      0.0        0        0
	00/00/00        0        0        0      0.0        0        0
	00/00/00        0        0        0      0.0        0        0
	00/00/00        0        0        0      0.0        0        0
	00/00/00        0        0        0      0.0        0        0
	00/00/00        0        0        0      0.0        0        0
	00/00/00        0        0        0      0.0        0        0
	00/00/00        0        0        0      0.0        0        0
	00/00/00        0        0        0      0.0        0        0
	00/00/00        0        0        0      0.0        0        0
	00/00/00        0        0        0      0.0        0        0
	00/00/00        0        0        0      0.0        0        0
	00/00/00        0        0        0      0.0        0        0
	00/00/00        0        0        0      0.0        0        0
	00/00/00        0        0        0      0.0        0        0
	00/00/00        0        0        0      0.0        0        0
	00/00/00        0        0        0      0.0        0        0
	==============================================================
	한메 소프트 1989-1990
